# transform file /data/CNDA/build/CCIR_00754/20160926_184458/restlaunch/HYGLY28_VISIT_2/PROCESSED/HYGLY28_VISIT_2/mri/transforms/cc_up.lta
# created by cnda on Tue Sep 27 01:42:17 2016

type      = 0
nxforms   = 1
mean      = 126.0000 122.0000 114.0000
sigma     = 10000.0000
1 4 4
9.989884495735168e-01 2.154058776795864e-02 -3.947646543383598e-02 3.237007617950439e+00 
-2.152378670871258e-02 9.997680187225342e-01 8.505434379912913e-04 3.064333534240723e+01 
3.948562219738960e-02 -0.000000000000000e+00 9.992201328277588e-01 1.811138534545898e+01 
0.000000000000000e+00 0.000000000000000e+00 0.000000000000000e+00 1.000000000000000e+00 
src volume info
valid = 1  # volume info valid
filename = /data/CNDA/build/CCIR_00754/20160926_184458/restlaunch/HYGLY28_VISIT_2/PROCESSED/HYGLY28_VISIT_2/mri/norm.mgz
volume = 256 256 256
voxelsize = 1.000000000000000e+00 1.000000000000000e+00 1.000000000000000e+00
xras   = -1.000000000000000e+00 0.000000000000000e+00 5.960464477539062e-08
yras   = 1.303851604461670e-08 0.000000000000000e+00 -1.000000000000000e+00
zras   = 0.000000000000000e+00 1.000000000000000e+00 0.000000000000000e+00
cras   = -4.997863769531250e-01 4.164648437500000e+01 -8.392562866210938e+00
dst volume info
valid = 1  # volume info valid
filename = /data/CNDA/build/CCIR_00754/20160926_184458/restlaunch/HYGLY28_VISIT_2/PROCESSED/HYGLY28_VISIT_2/mri/norm.mgz
volume = 256 256 256
voxelsize = 1.000000000000000e+00 1.000000000000000e+00 1.000000000000000e+00
xras   = -1.000000000000000e+00 0.000000000000000e+00 5.960464477539062e-08
yras   = 1.303851604461670e-08 0.000000000000000e+00 -1.000000000000000e+00
zras   = 0.000000000000000e+00 1.000000000000000e+00 0.000000000000000e+00
cras   = -4.997863769531250e-01 4.164648437500000e+01 -8.392562866210938e+00
