# transform file transforms/talairach_with_skull_2.lta
# created by cnda on Mon Sep 26 22:56:08 2016

type      = 0
nxforms   = 1
mean      = 126.0000 123.0000 114.0000
sigma     = 10000.0000
1 4 4
1.047120571136475e+00 -2.321995561942458e-03 -4.854639247059822e-02 -1.470962405204773e+00 
9.330620989203453e-03 1.269838213920593e+00 1.331763267517090e-01 -4.699149703979492e+01 
5.133934319019318e-02 -1.220466271042824e-01 9.685137271881104e-01 7.478634834289551e+00 
0.000000000000000e+00 0.000000000000000e+00 0.000000000000000e+00 1.000000000000000e+00 
src volume info
valid = 1  # volume info valid
filename = nu_noneck.mgz
volume = 256 256 256
voxelsize = 1.000000000000000e+00 1.000000000000000e+00 1.000000000000000e+00
xras   = -1.000000000000000e+00 0.000000000000000e+00 5.960464477539062e-08
yras   = 1.303851604461670e-08 0.000000000000000e+00 -1.000000000000000e+00
zras   = 0.000000000000000e+00 1.000000000000000e+00 0.000000000000000e+00
cras   = -4.997863769531250e-01 4.164648437500000e+01 -8.392562866210938e+00
dst volume info
valid = 1  # volume info valid
filename = /nrgpackages/tools/freesurfer53-patch/average/RB_all_withskull_2008-03-26.gca
volume = 256 256 256
voxelsize = 1.000000000000000e+00 1.000000000000000e+00 1.000000000000000e+00
xras   = -1.000000000000000e+00 0.000000000000000e+00 0.000000000000000e+00
yras   = 0.000000000000000e+00 0.000000000000000e+00 -1.000000000000000e+00
zras   = 0.000000000000000e+00 1.000000000000000e+00 0.000000000000000e+00
cras   = 0.000000000000000e+00 0.000000000000000e+00 0.000000000000000e+00
fscale 0.150000
