# transform file transforms/talairach.lta
# created by cnda on Mon Sep 26 19:36:33 2016

type      = 0
nxforms   = 1
mean      = 126.0000 123.0000 114.0000
sigma     = 10000.0000
1 4 4
1.027357220649719e+00 -2.278170082718134e-03 -4.763012379407883e-02 9.304152727127075e-01 
7.823243737220764e-03 1.064693689346313e+00 1.116614639759064e-01 -2.219689941406250e+01 
5.127925425767899e-02 -1.219037771224976e-01 9.673801064491272e-01 8.470130920410156e+00 
0.000000000000000e+00 0.000000000000000e+00 0.000000000000000e+00 1.000000000000000e+00 
src volume info
valid = 1  # volume info valid
filename = nu.mgz
volume = 256 256 256
voxelsize = 1.000000000000000e+00 1.000000000000000e+00 1.000000000000000e+00
xras   = -1.000000000000000e+00 0.000000000000000e+00 5.960464477539062e-08
yras   = 1.303851604461670e-08 0.000000000000000e+00 -1.000000000000000e+00
zras   = 0.000000000000000e+00 1.000000000000000e+00 0.000000000000000e+00
cras   = -4.997863769531250e-01 4.164648437500000e+01 -8.392562866210938e+00
dst volume info
valid = 1  # volume info valid
filename = /nrgpackages/tools/freesurfer53-patch/average/RB_all_2008-03-26.gca
volume = 256 256 256
voxelsize = 1.000000000000000e+00 1.000000000000000e+00 1.000000000000000e+00
xras   = -1.000000000000000e+00 0.000000000000000e+00 0.000000000000000e+00
yras   = 0.000000000000000e+00 0.000000000000000e+00 -1.000000000000000e+00
zras   = 0.000000000000000e+00 1.000000000000000e+00 0.000000000000000e+00
cras   = 0.000000000000000e+00 0.000000000000000e+00 0.000000000000000e+00
