# transform file transforms/talairach_with_skull.lta
# created by cnda on Mon Sep 26 19:11:44 2016

type      = 0
nxforms   = 1
mean      = 127.0000 147.0000 127.0000
sigma     = 10000.0000
1 4 4
1.035731911659241e+00 -1.968075893819332e-02 -4.951026663184166e-02 1.364367485046387e+00 
1.984113082289696e-02 1.270612835884094e+00 1.689354926347733e-01 -5.388055419921875e+01 
5.258079618215561e-02 -9.236232191324234e-02 9.779745936393738e-01 3.726342201232910e+00 
0.000000000000000e+00 0.000000000000000e+00 0.000000000000000e+00 1.000000000000000e+00 
src volume info
valid = 1  # volume info valid
filename = nu.mgz
volume = 256 256 256
voxelsize = 1.000000000000000e+00 1.000000000000000e+00 1.000000000000000e+00
xras   = -1.000000000000000e+00 0.000000000000000e+00 5.960464477539062e-08
yras   = 1.303851604461670e-08 0.000000000000000e+00 -1.000000000000000e+00
zras   = 0.000000000000000e+00 1.000000000000000e+00 0.000000000000000e+00
cras   = -4.997863769531250e-01 4.164648437500000e+01 -8.392562866210938e+00
dst volume info
valid = 1  # volume info valid
filename = /nrgpackages/tools/freesurfer53-patch/average/RB_all_withskull_2008-03-26.gca
volume = 256 256 256
voxelsize = 1.000000000000000e+00 1.000000000000000e+00 1.000000000000000e+00
xras   = -1.000000000000000e+00 0.000000000000000e+00 0.000000000000000e+00
yras   = 0.000000000000000e+00 0.000000000000000e+00 -1.000000000000000e+00
zras   = 0.000000000000000e+00 1.000000000000000e+00 0.000000000000000e+00
cras   = 0.000000000000000e+00 0.000000000000000e+00 0.000000000000000e+00
