#--------------------------------------------
#@# Hippocampal Subfields processing Tue Sep 27 09:33:29 CDT 2016
Doing left side
meshFileName: /nrgpackages/tools/freesurfer53-patch/data/GEMS/CurrentMeshCollection30.gz
compressionLookupTableFileName: /nrgpackages/tools/freesurfer53-patch/data/GEMS/compressionLookupTable_left.txt
boundingBoxFileName: /nrgpackages/tools/freesurfer53-patch/data/GEMS/imageDump.mgz
subjectName: HYGLY28_VISIT_2
side: left
inputDirectory: /data/CNDA/build/CCIR_00754/20160926_184458/restlaunch/HYGLY28_VISIT_2/PROCESSED
outputDirectory: /data/CNDA/build/CCIR_00754/20160926_184458/restlaunch/HYGLY28_VISIT_2/PROCESSED/HYGLY28_VISIT_2/tmp/subfieldResults
mkdir -p /data/CNDA/build/CCIR_00754/20160926_184458/restlaunch/HYGLY28_VISIT_2/PROCESSED/HYGLY28_VISIT_2/tmp/subfieldResults/HYGLY28_VISIT_2
mkdir -p /data/CNDA/build/CCIR_00754/20160926_184458/restlaunch/HYGLY28_VISIT_2/PROCESSED/HYGLY28_VISIT_2/tmp/subfieldResults/HYGLY28_VISIT_2/left
cd /data/CNDA/build/CCIR_00754/20160926_184458/restlaunch/HYGLY28_VISIT_2/PROCESSED/HYGLY28_VISIT_2/tmp/subfieldResults/HYGLY28_VISIT_2/left
cp -f /data/CNDA/build/CCIR_00754/20160926_184458/restlaunch/HYGLY28_VISIT_2/PROCESSED/HYGLY28_VISIT_2/mri/nu.mgz .
cp -f /data/CNDA/build/CCIR_00754/20160926_184458/restlaunch/HYGLY28_VISIT_2/PROCESSED/HYGLY28_VISIT_2/mri/aseg.mgz .
cp -f /data/CNDA/build/CCIR_00754/20160926_184458/restlaunch/HYGLY28_VISIT_2/PROCESSED/HYGLY28_VISIT_2/mri/transforms/talairach.xfm .
cp /nrgpackages/tools/freesurfer53-patch/data/GEMS/imageDump.mgz .
kvlApplyTransform imageDump.mgz -0.9991 -0.0328 0.0258 144.0010 -0.0330 0.9994 -0.0086 2.6560 0.0255 0.0094 0.9996 -3.1939
transform: Affine3DTransform (0x12f4100)
  RTTI typeinfo:   itk::Affine3DTransform<double>
  Reference Count: 2
  Modified Time: 192
  Debug: Off
  Observers: 
    none
  Offset: [144.001, 2.656, -3.1939]
  Matrix: -0.9991 -0.0328 0.0258
-0.033 0.9994 -0.0086
0.0255 0.0094 0.9996


Wrote out imageDump_transformed.mgz
rm -f imageDump.mgz
mv imageDump_transformed.mgz imageDump.mgz
kvlApplyTransform imageDump.mgz 1.0932 0.0097 -0.0146 -76.4657 -0.0027 1.0489 0.1291 -121.4683 0.0153 -0.1434 1.1143 -62.7038
transform: Affine3DTransform (0x2326100)
  RTTI typeinfo:   itk::Affine3DTransform<double>
  Reference Count: 2
  Modified Time: 192
  Debug: Off
  Observers: 
    none
  Offset: [-76.4657, -121.468, -62.7038]
  Matrix: 1.0932 0.0097 -0.0146
-0.0027 1.0489 0.1291
0.0153 -0.1434 1.1143


Wrote out imageDump_transformed.mgz
kvlApplyTransform imageDump_transformed.mgz 1.046531 0.043269 -0.017670 -2.095993 -0.059733 0.987705 0.208602 -44.012466 -0.000135 -0.157595 1.075790 12.002991 1
transform: Affine3DTransform (0xfc58b0)
  RTTI typeinfo:   itk::Affine3DTransform<double>
  Reference Count: 2
  Modified Time: 193
  Debug: Off
  Observers: 
    none
  Offset: [0.0453077, 45.5114, -4.49029]
  Matrix: 0.953367 -0.0380878 0.0230446
0.0559015 0.979831 -0.189077
0.00830879 0.143533 0.901854


Wrote out imageDump_transformed_transformed.mgz
rm -f imageDump.mgz
mv imageDump_transformed_transformed.mgz imageDump.mgz
kvlBinaryThresholdImage aseg.mgz 17
imageFileName: aseg.mgz
lowerThreshold: 17
upperThreshold: 17
insideValue: 255
outsideValue: 0
Thresholding: 
  0%
  0.999975%
  1.99995%
  2.99993%
  3.9999%
  4.99988%
  5.99985%
  6.99983%
  7.9998%
  8.99978%
  9.99975%
  10.9997%
  11.9997%
  12.9997%
  13.9997%
  14.9996%
  15.9996%
  16.9996%
  17.9996%
  18.9995%
  19.9995%
  20.9995%
  21.9995%
  22.9994%
  23.9994%
  24.9994%
  25.9994%
  26.9993%
  27.9993%
  28.9993%
  29.9993%
  30.9992%
  31.9992%
  32.9992%
  33.9992%
  34.9991%
  35.9991%
  36.9991%
  37.9991%
  38.999%
  39.999%
  40.999%
  41.999%
  42.9989%
  43.9989%
  44.9989%
  45.9989%
  46.9988%
  47.9988%
  48.9988%
  49.9988%
  50.9987%
  51.9987%
  52.9987%
  53.9987%
  54.9986%
  55.9986%
  56.9986%
  57.9986%
  58.9985%
  59.9985%
  60.9985%
  61.9985%
  62.9984%
  63.9984%
  64.9984%
  65.9984%
  66.9983%
  67.9983%
  68.9983%
  69.9983%
  70.9982%
  71.9982%
  72.9982%
  73.9982%
  74.9981%
  75.9981%
  76.9981%
  77.9981%
  78.998%
  79.998%
  80.998%
  81.998%
  82.9979%
  83.9979%
  84.9979%
  85.9979%
  86.9978%
  87.9978%
  88.9978%
  89.9978%
  90.9977%
  91.9977%
  92.9977%
  93.9977%
  94.9976%
  95.9976%
  96.9976%
  97.9976%
  98.9975%
  99.9975%
  100%
  100%
Wrote out aseg_thresholded.mgz
kvlRegister imageDump.mgz aseg_thresholded.mgz 12 2
fixedImageFileName: imageDump.mgz
movingImageFileName: aseg_thresholded.mgz
degreesOfFreedom: 12
numberOfBins: 20
useDefaultSchedule: 1
initialTranslationMode: 2
extraInputImageFileNames: 
Initializing the parameters as follows: [0, -0, 0, -0.219744, 1.078, -0.582065, 1, 1, 1, 0, 0, 0]
Using fixedShrinkFactors: [3, 3, 2]
Shrinking fixed image: 
  0%
  0.999355%
  1.99871%
  2.99807%
  3.99742%
  4.99678%
  5.99613%
  6.99549%
  7.99484%
  8.9942%
  9.99355%
  10.9929%
  11.9923%
  12.9916%
  13.991%
  14.9903%
  15.9897%
  16.989%
  17.9884%
  18.9878%
  19.9871%
  20.9865%
  21.9858%
  22.9852%
  23.9845%
  24.9839%
  25.9832%
  26.9826%
  27.9819%
  28.9813%
  29.9807%
  30.98%
  31.9794%
  32.9787%
  33.9781%
  34.9774%
  35.9768%
  36.9761%
  37.9755%
  38.9749%
  39.9742%
  40.9736%
  41.9729%
  42.9723%
  43.9716%
  44.971%
  45.9703%
  46.9697%
  47.9691%
  48.9684%
  49.9678%
  50.9671%
  51.9665%
  52.9658%
  53.9652%
  54.9645%
  55.9639%
  56.9633%
  57.9626%
  58.962%
  59.9613%
  60.9607%
  61.96%
  62.9594%
  63.9587%
  64.9581%
  65.9575%
  66.9568%
  67.9562%
  68.9555%
  69.9549%
  70.9542%
  71.9536%
  72.9529%
  73.9523%
  74.9516%
  75.951%
  76.9504%
  77.9497%
  78.9491%
  79.9484%
  80.9478%
  81.9471%
  82.9465%
  83.9458%
  84.9452%
  85.9446%
  86.9439%
  87.9433%
  88.9426%
  89.942%
  90.9413%
  91.9407%
  92.94%
  93.9394%
  94.9388%
  95.9381%
  96.9375%
  97.9368%
  98.9362%
  99.9355%
  100%
  100%
Using movingShrinkFactors: [1, 1, 1]
Shrinking moving image: 
  0%
  0.999975%
  1.99995%
  2.99993%
  3.9999%
  4.99988%
  5.99985%
  6.99983%
  7.9998%
  8.99978%
  9.99975%
  10.9997%
  11.9997%
  12.9997%
  13.9997%
  14.9996%
  15.9996%
  16.9996%
  17.9996%
  18.9995%
  19.9995%
  20.9995%
  21.9995%
  22.9994%
  23.9994%
  24.9994%
  25.9994%
  26.9993%
  27.9993%
  28.9993%
  29.9993%
  30.9992%
  31.9992%
  32.9992%
  33.9992%
  34.9991%
  35.9991%
  36.9991%
  37.9991%
  38.999%
  39.999%
  40.999%
  41.999%
  42.9989%
  43.9989%
  44.9989%
  45.9989%
  46.9988%
  47.9988%
  48.9988%
  49.9988%
  50.9987%
  51.9987%
  52.9987%
  53.9987%
  54.9986%
  55.9986%
  56.9986%
  57.9986%
  58.9985%
  59.9985%
  60.9985%
  61.9985%
  62.9984%
  63.9984%
  64.9984%
  65.9984%
  66.9983%
  67.9983%
  68.9983%
  69.9983%
  70.9982%
  71.9982%
  72.9982%
  73.9982%
  74.9981%
  75.9981%
  76.9981%
  77.9981%
  78.998%
  79.998%
  80.998%
  81.998%
  82.9979%
  83.9979%
  84.9979%
  85.9979%
  86.9978%
  87.9978%
  88.9978%
  89.9978%
  90.9977%
  91.9977%
  92.9977%
  93.9977%
  94.9976%
  95.9976%
  96.9976%
  97.9976%
  98.9975%
  99.9975%
  100%
  100%
Using fixedSchedule: [3, 3, 5]
[1, 1, 1]

Using movingSchedule: [4, 4, 4]
[1, 1, 1]

Using scales: [57.1429, 57.1429, 57.1429, 1, 1, 1, 100, 100, 100, 100, 100, 100]
Using parameterOrder: [4, 5, 6, 1, 2, 3, 7, 8, 9, 10, 11, 12]
Calculating fixed image pyramid: 
  0%
  50%
  100%
Calculating moving image pyramid: 
  0%
  50%
  100%
Doing registration at level 0 of 2
       Iteration 0: value = -0.348923
            Current position: 
                    Rotation: 0.465459  -0.206631  0.185601  
                 Translation: 0.0342354  0.846879  -0.256609  
                     Scaling: 1.00172  0.986618  0.996323  
                     Skewing: -0.000492434  0.00566987  0.00284914  
       Iteration 1: value = -0.354803
            Current position: 
                    Rotation: 1.13612  -0.394415  1.02989  
                 Translation: -0.435351  0.834119  0.0108084  
                     Scaling: 1.00691  0.971346  0.997305  
                     Skewing: -0.00225315  0.0145955  0.0089138  
       Iteration 2: value = -0.357584
            Current position: 
                    Rotation: 1.53879  -0.228728  1.76395  
                 Translation: -0.717296  1.02831  0.171369  
                     Scaling: 1.01275  0.971884  1.00647  
                     Skewing: -0.00633356  0.0241624  0.0193253  
       Iteration 3: value = -0.359414
            Current position: 
                    Rotation: 1.69058  -0.145225  2.0126  
                 Translation: -0.838375  1.12286  0.202824  
                     Scaling: 1.01414  0.977292  1.00973  
                     Skewing: -0.0102984  0.0335903  0.025307  
       Iteration 4: value = -0.364991
            Current position: 
                    Rotation: 2.41608  0.220262  3.02843  
                 Translation: -1.65792  1.65026  0.188883  
                     Scaling: 1.02138  1.01531  1.02644  
                     Skewing: -0.0377332  0.0858415  0.0532247  
       Iteration 5: value = -0.366186
            Current position: 
                    Rotation: 2.48801  0.2721  3.1598  
                 Translation: -1.61299  1.82484  0.187219  
                     Scaling: 1.02108  1.01655  1.02725  
                     Skewing: -0.0381767  0.0890211  0.0526267  
       Iteration 6: value = -0.366798
            Current position: 
                    Rotation: 2.68997  0.356033  3.43465  
                 Translation: -1.7782  2.1217  0.298957  
                     Scaling: 1.01762  1.01602  1.02875  
                     Skewing: -0.0360096  0.0980306  0.0532521  
       Iteration 7: value = -0.367457
            Current position: 
                    Rotation: 2.93495  0.439305  3.40921  
                 Translation: -1.93567  2.50065  0.430142  
                     Scaling: 1.00796  1.02022  1.03157  
                     Skewing: -0.0329693  0.114744  0.0562177  
       Iteration 8: value = -0.36767
            Current position: 
                    Rotation: 2.9211  0.381781  3.23947  
                 Translation: -1.8736  2.49907  0.440939  
                     Scaling: 1.00644  1.0186  1.03105  
                     Skewing: -0.0316119  0.114029  0.0549991  
       Iteration 9: value = -0.368005
            Current position: 
                    Rotation: 2.93254  0.250852  2.92169  
                 Translation: -1.76095  2.7127  0.464392  
                     Scaling: 1.00027  1.02364  1.03241  
                     Skewing: -0.028693  0.124321  0.0533782  
       Iteration 10: value = -0.368071
            Current position: 
                    Rotation: 2.92328  0.226459  2.95462  
                 Translation: -1.74558  2.69355  0.459173  
                     Scaling: 1.00091  1.02354  1.03225  
                     Skewing: -0.0275789  0.123034  0.0527807  
PowellOptimizer: Maximum number of iterations exceeded. Number of iterations is 10
Doing registration at level 1 of 2
       Iteration 0: value = -0.201666
            Current position: 
                    Rotation: 2.92328  0.226459  2.95462  
                 Translation: -2.09004  2.69355  0.459173  
                     Scaling: 1.00091  1.02426  1.03225  
                     Skewing: -0.0275789  0.123034  0.0527807  
PowellOptimizer: Cost function values at the current parameter (-0.201666) and at the local extrema (-0.201666) are within Value Tolerance (0)
Wrote out imageDump_coregistered.mgz
kvlBinaryThresholdImage aseg.mgz 17 17 255 1
imageFileName: aseg.mgz
lowerThreshold: 17
upperThreshold: 17
insideValue: 255
outsideValue: 1
Thresholding: 
  0%
  0.999975%
  1.99995%
  2.99993%
  3.9999%
  4.99988%
  5.99985%
  6.99983%
  7.9998%
  8.99978%
  9.99975%
  10.9997%
  11.9997%
  12.9997%
  13.9997%
  14.9996%
  15.9996%
  16.9996%
  17.9996%
  18.9995%
  19.9995%
  20.9995%
  21.9995%
  22.9994%
  23.9994%
  24.9994%
  25.9994%
  26.9993%
  27.9993%
  28.9993%
  29.9993%
  30.9992%
  31.9992%
  32.9992%
  33.9992%
  34.9991%
  35.9991%
  36.9991%
  37.9991%
  38.999%
  39.999%
  40.999%
  41.999%
  42.9989%
  43.9989%
  44.9989%
  45.9989%
  46.9988%
  47.9988%
  48.9988%
  49.9988%
  50.9987%
  51.9987%
  52.9987%
  53.9987%
  54.9986%
  55.9986%
  56.9986%
  57.9986%
  58.9985%
  59.9985%
  60.9985%
  61.9985%
  62.9984%
  63.9984%
  64.9984%
  65.9984%
  66.9983%
  67.9983%
  68.9983%
  69.9983%
  70.9982%
  71.9982%
  72.9982%
  73.9982%
  74.9981%
  75.9981%
  76.9981%
  77.9981%
  78.998%
  79.998%
  80.998%
  81.998%
  82.9979%
  83.9979%
  84.9979%
  85.9979%
  86.9978%
  87.9978%
  88.9978%
  89.9978%
  90.9977%
  91.9977%
  92.9977%
  93.9977%
  94.9976%
  95.9976%
  96.9976%
  97.9976%
  98.9975%
  99.9975%
  100%
  100%
Wrote out aseg_thresholded.mgz
echo \# Configuration for deforming toward aseg > configurationFileDeformableRegistration.txt
echo logDirectory: deformableRegistrationLog >> configurationFileDeformableRegistration.txt
echo imageFileName: aseg_thresholded.mgz >> configurationFileDeformableRegistration.txt
echo meshCollectionFileName: /nrgpackages/tools/freesurfer53-patch/data/GEMS/CurrentMeshCollection30.gz >> configurationFileDeformableRegistration.txt
echo K: 0.01 >> configurationFileDeformableRegistration.txt
echo compressionLookupTableFileName: /nrgpackages/tools/freesurfer53-patch/data/GEMS/compressionLookupTable_left.txt >> configurationFileDeformableRegistration.txt
echo boundingFileName: imageDump_coregistered.mgz >> configurationFileDeformableRegistration.txt
echo sameGaussianParameters: 17 550 552 553 554 555 556 557 >> configurationFileDeformableRegistration.txt
echo sameGaussianParameters: 24 2 3 >> configurationFileDeformableRegistration.txt
echo imageSmoothingSigmas: 0 >> configurationFileDeformableRegistration.txt
echo meshSmoothingSigmas: 3 >> configurationFileDeformableRegistration.txt
kvlSegmentWithoutGUI configurationFileDeformableRegistration.txt
m_LogDirectory: deformableRegistrationLog
m_ImageFileName: aseg_thresholded.mgz
m_MeshCollectionFileName: /nrgpackages/tools/freesurfer53-patch/data/GEMS/CurrentMeshCollection30.gz
m_K: 0.01
m_CompressionLookupTableFileName: /nrgpackages/tools/freesurfer53-patch/data/GEMS/compressionLookupTable_left.txt
m_BoundingFileName: imageDump_coregistered.mgz
m_SameGaussianParameters[ 0 ]:  17 550 552 553 554 555 556 557
m_SameGaussianParameters[ 1 ]:  24 2 3
m_ImageSmoothingSigmas:  0
m_MeshSmoothingSigmas:  3
Having m_LogDirectorydeformableRegistrationLog/
Having downSamplingFactor of 1
Constructing image-to-world transform from MGH header information (aseg_thresholded.mgz)
Returning the following transform: 
AffineTransform (0x2333ad0)
  RTTI typeinfo:   itk::AffineTransform<float, 3u>
  Reference Count: 1
  Modified Time: 224
  Debug: Off
  Observers: 
    none
  Matrix: 
    -1 1.30385e-08 0 
    0 0 1 
    5.96046e-08 -1 0 
  Offset: [127.5, -86.3535, 119.607]
  Center: [0, 0, 0]
  Translation: [127.5, -86.3535, 119.607]
  Inverse: 
    -1 0 5.96046e-08 
    -5.96046e-08 0 -1 
    0 1 0 
  Singular: 0
Constructing image-to-world transform from MGH header information (imageDump_coregistered.mgz)
Returning the following transform: 
AffineTransform (0x2333ad0)
  RTTI typeinfo:   itk::AffineTransform<float, 3u>
  Reference Count: 1
  Modified Time: 244
  Debug: Off
  Observers: 
    none
  Matrix: 
    0.398971 0.00449514 -0.00461907 
    0.064218 -0.158981 0.375753 
    -0.000232494 -0.368215 -0.157222 
  Offset: [-39.5683, -5.37696, 4.53862]
  Center: [0, 0, 0]
  Translation: [-39.5683, -5.37696, 4.53862]
  Inverse: 
    2.50053 0.0368533 0.0146143 
    0.153215 -0.96021 -2.29935 
    -0.362527 2.24876 -0.975355 
  Singular: 0
Transform before cropping: 
AffineTransform (0x2333ad0)
  RTTI typeinfo:   itk::AffineTransform<float, 3u>
  Reference Count: 1
  Modified Time: 246
  Debug: Off
  Observers: 
    none
  Matrix: 
    -0.398971 -0.00449516 0.00461907 
    0.00023247 0.368215 0.157222 
    0.064218 -0.158981 0.375753 
  Offset: [167.069, 115.069, 80.9766]
  Center: [0, 0, 0]
  Translation: [167.069, 115.069, 80.9766]
  Inverse: 
    -2.50053 -0.0146145 0.0368532 
    -0.153215 2.29935 -0.960211 
    0.362527 0.975355 2.24876 
  Singular: 0
WorldToImageTransform before cropping: 
AffineTransform (0x232c4e0)
  RTTI typeinfo:   itk::AffineTransform<float, 3u>
  Reference Count: 1
  Modified Time: 248
  Debug: Off
  Observers: 
    none
  Matrix: 
    -1 0 5.96046e-08 
    -5.96046e-08 0 -1 
    0 1 0 
  Offset: [127.5, 119.607, 86.3535]
  Center: [0, 0, 0]
  Translation: [127.5, 119.607, 86.3535]
  Inverse: 
    -1 -5.96046e-08 0 
    0 0 1 
    5.96046e-08 -1 0 
  Singular: 0
 m_BoundingBoxSize: [94, 66,144]
 minimalMappedCoordinate: [129.672, 115.069,70.6428]
 maximalMappedCoordinate: [167.729, 161.507,140.682]
Cropping with min [126  111  63]
          and max [171  166  148]
m_OriginalImageRegion before checking margins: ImageRegion (0x232c1a0)
  Dimension: 3
  Index: [126, 111, 63]
  Size: [46, 56, 86]

m_CroppedImageRegion before checking margins: ImageRegion (0x232c168)
  Dimension: 3
  Index: [0, 0, 0]
  Size: [46, 56, 86]


m_OriginalImageRegion after checking margins: ImageRegion (0x232c1a0)
  Dimension: 3
  Index: [126, 111, 63]
  Size: [46, 56, 86]

m_CroppedImageRegion after checking margins: ImageRegion (0x232c168)
  Dimension: 3
  Index: [0, 0, 0]
  Size: [46, 56, 86]

Transform after cropping: 
AffineTransform (0x2333ad0)
  RTTI typeinfo:   itk::AffineTransform<float, 3u>
  Reference Count: 1
  Modified Time: 389
  Debug: Off
  Observers: 
    none
  Matrix: 
    -0.398971 -0.00449516 0.00461907 
    0.00023247 0.368215 0.157222 
    0.064218 -0.158981 0.375753 
  Offset: [41.0685, 4.06882, 17.9766]
  Center: [0, 0, 0]
  Translation: [41.0685, 4.06882, 17.9766]
  Inverse: 
    -2.50053 -0.0146145 0.0368532 
    -0.153215 2.29935 -0.960211 
    0.362527 0.975355 2.24876 
  Singular: 0
WorldToImageTransform after cropping: 
AffineTransform (0x232c4e0)
  RTTI typeinfo:   itk::AffineTransform<float, 3u>
  Reference Count: 1
  Modified Time: 390
  Debug: Off
  Observers: 
    none
  Matrix: 
    -1 0 5.96046e-08 
    -5.96046e-08 0 -1 
    0 1 0 
  Offset: [1.50021, 8.60744, 23.3535]
  Center: [0, 0, 0]
  Translation: [1.50021, 8.60744, 23.3535]
  Inverse: 
    -1 -5.96046e-08 0 
    0 0 1 
    5.96046e-08 -1 0 
  Singular: 0
Setting K of mesh collection to: 0.01
Applying transform: 
AffineTransform (0x2333ad0)
  RTTI typeinfo:   itk::AffineTransform<float, 3u>
  Reference Count: 1
  Modified Time: 389
  Debug: Off
  Observers: 
    none
  Matrix: 
    -0.398971 -0.00449516 0.00461907 
    0.00023247 0.368215 0.157222 
    0.064218 -0.158981 0.375753 
  Offset: [41.0685, 4.06882, 17.9766]
  Center: [0, 0, 0]
  Translation: [41.0685, 4.06882, 17.9766]
  Inverse: 
    -2.50053 -0.0146145 0.0368532 
    -0.153215 2.29935 -0.960211 
    0.362527 0.975355 2.24876 
  Singular: 0
Transforming points
Transforming points
Transforming points
Transforming points
Transforming points
Transforming points
Transforming points
Transforming points
Transforming points
Transforming points
Transforming points
Careful here: the applied transformation will turn positive tetrahedra into negative ones.
-0.398971 -0.00449516 0.00461907
0.00023247 0.368215 0.157222
0.064218 -0.158981 0.375753

 determinant: -0.0653276
Starting to swap the point assignments of each tetrahedron...
...done!
TODO: we're using internally an image of unsigned char pixel type to calculate the position gradients
minimum: 1
maximum: 255
Original class 0 is distributed over 1 classes
Original class 1 is distributed over 1 classes
Original class 2 is distributed over 1 classes
Original class 3 is distributed over 1 classes
Original class 4 is distributed over 1 classes
Original class 5 is distributed over 1 classes
Original class 6 is distributed over 1 classes
Original class 7 is distributed over 1 classes
Original class 8 is distributed over 1 classes
Original class 9 is distributed over 1 classes
Original class 10 is distributed over 1 classes
OK
Setting coregisterToPosteriorProbabilities to 0
Setting biasFieldOrder to 0
Building labels...
...done! (m_Labels.size(): 11)
m_InternalToExternalLookupTable: 
    0  -> 0 (Left-Cerebral-White-Matter)
    1  -> 1 (Left-Cerebral-Cortex)
    2  -> 3 (Left-Hippocampus)
    3  -> 2 (CSF)
    4  -> 5 (left_CA2_3)
    5  -> 9 (left_CA1)
    6  -> 4 (left_fimbria)
    7  -> 7 (left_presubiculum)
    8  -> 10 (left_hippocampal_fissure)
    9  -> 6 (left_CA4_DG)
    10  -> 8 (left_subiculum)
m_InternalToReducedLookupTable: 
     0 (Left-Cerebral-White-Matter) -> 1
     1 (Left-Cerebral-Cortex) -> 1
     2 (Left-Hippocampus) -> 0
     3 (CSF) -> 1
     4 (left_CA2_3) -> 0
     5 (left_CA1) -> 0
     6 (left_fimbria) -> 0
     7 (left_presubiculum) -> 0
     8 (left_hippocampal_fissure) -> 0
     9 (left_CA4_DG) -> 0
     10 (left_subiculum) -> 0
original label 0 is distributed over 1 distributed labels
original label 1 is distributed over 1 distributed labels
original label 2 is distributed over 1 distributed labels
original label 3 is distributed over 1 distributed labels
original label 4 is distributed over 1 distributed labels
original label 5 is distributed over 1 distributed labels
original label 6 is distributed over 1 distributed labels
original label 7 is distributed over 1 distributed labels
original label 8 is distributed over 1 distributed labels
original label 9 is distributed over 1 distributed labels
original label 10 is distributed over 1 distributed labels
numberOfReducedLabels: 2
Original class 0 is distributed over 1 classes
Original class 1 is distributed over 1 classes
OK
Smoothing mesh collection...done!
TODO: we're using internally an image of unsigned char pixel type to calculate the position gradients
minimum: 1
maximum: 255
Running for smoothing sigma 3
Starting EM: 
Updating mixture model parameters
Readjusting weight of shared classes
m_Means: [  112.78 14.3645 ]
Splitting shared classes
EM Iteration: 0  ->  295248
Updating mixture model parameters
Readjusting weight of shared classes
Updating bias field model parameters
Setting up m_BiasFieldResidueSmoother
Initalizing
numberOfBasisFunctions: 1
numberOfVoxelsInMask: 221536
indexWhereUnityIsReached [45, 55, 85]
Successfully put up x, y, and z
Constructing basis functions
      (xOrder, yOrder, zOrder): (0, 0, 0)
done!
estimating polynomial parameters up to order 0
       numberOfBasisFunctionsUsed: 1
m_Means: [  209.977 1.02512 ]
EM Iteration: 1  ->  130418
Updating mixture model parameters
Readjusting weight of shared classes
Updating bias field model parameters
estimating polynomial parameters up to order 0
       numberOfBasisFunctionsUsed: 1
m_Means: [  254.514 1.00001 ]
EM Iteration: 2  ->  71437.4
Updating mixture model parameters
Readjusting weight of shared classes
Updating bias field model parameters
estimating polynomial parameters up to order 0
       numberOfBasisFunctionsUsed: 1
m_Means: [  255 1 ]
EM Iteration: 3  ->  59595.2
Updating mixture model parameters
Readjusting weight of shared classes
Updating bias field model parameters
estimating polynomial parameters up to order 0
       numberOfBasisFunctionsUsed: 1
m_Means: [  255 1 ]
EM Iteration: 4  ->  59595.2
EM converged
Maximal bias field order already reached; EM finished
Stopped EM
         m_IterationNumber: 4
         m_MaximumNumberOfIterations: 100
============================================
Cost for iteration 0 was 59595.3
============================================
m_PositionUpdatingMaximumNumberOfIterations: 11
Transforming mesh
Done transforming mesh
m_MeshToImageTransform: 
AffineTransform (0x2333ad0)
  RTTI typeinfo:   itk::AffineTransform<float, 3u>
  Reference Count: 1
  Modified Time: 389
  Debug: Off
  Observers: 
    none
  Matrix: 
    -0.398971 -0.00449516 0.00461907 
    0.00023247 0.368215 0.157222 
    0.064218 -0.158981 0.375753 
  Offset: [41.0685, 4.06882, 17.9766]
  Center: [0, 0, 0]
  Translation: [41.0685, 4.06882, 17.9766]
  Inverse: 
    -2.50053 -0.0146145 0.0368532 
    -0.153215 2.29935 -0.960211 
    0.362527 0.975355 2.24876 
  Singular: 0
meshToImageTransform: 
AffineTransform (0x623d4a0)
  RTTI typeinfo:   itk::AffineTransform<float, 3u>
  Reference Count: 1
  Modified Time: 1318287
  Debug: Off
  Observers: 
    none
  Matrix: 
    -0.398971 -0.00449516 0.00461907 
    0.00023247 0.368215 0.157222 
    0.064218 -0.158981 0.375753 
  Offset: [41.0685, 4.06882, 17.9766]
  Center: [0, 0, 0]
  Translation: [41.0685, 4.06882, 17.9766]
  Inverse: 
    -2.50053 -0.0146145 0.0368532 
    -0.153215 2.29935 -0.960211 
    0.362527 0.975355 2.24876 
  Singular: 0
Rasterizing Levenberg-Marquardt...
numberOfEntries: 24131
Time taken to rasterize Levenberg-Marquardt: 1.79756
...done!
Transforming mesh
Done transforming mesh
Calculating Levenberg-Marquardt step with lambda 1...
Set m_ContributionsFromLastTetrahdronFlushedOut to true: 1
Time taken to solve the Levenberg-Marquardt system of equations: 0.221053
...done!
maximalDeformation: 4.38733
Transforming mesh
Done transforming mesh
Rasterizing Levenberg-Marquardt...
numberOfEntries: 24131
Oooooops: tetrahedron 196364 has managed to turn bad (detJ: -0.496972)
Time taken to rasterize Levenberg-Marquardt: 0.00838399
...done!
=======================
Bad trial move (maximal deformation: 4.38733, lambda: 1)
        Cost going from 59591.8 to 1.79769e+308
Transforming mesh
Done transforming mesh
        Increasing lambda from 1 to 2 and trying again.
Transforming mesh
Done transforming mesh
Calculating Levenberg-Marquardt step with lambda 2...
Time taken to solve the Levenberg-Marquardt system of equations: 0.191636
...done!
maximalDeformation: 3.00701
Transforming mesh
Done transforming mesh
Rasterizing Levenberg-Marquardt...
numberOfEntries: 24131
Oooooops: tetrahedron 289700 has managed to turn bad (detJ: -0.558666)
Time taken to rasterize Levenberg-Marquardt: 0.0135238
...done!
=======================
Bad trial move (maximal deformation: 3.00701, lambda: 2)
        Cost going from 59591.8 to 1.79769e+308
Transforming mesh
Done transforming mesh
        Increasing lambda from 2 to 4 and trying again.
Transforming mesh
Done transforming mesh
Calculating Levenberg-Marquardt step with lambda 4...
Time taken to solve the Levenberg-Marquardt system of equations: 0.183349
...done!
maximalDeformation: 1.86288
Transforming mesh
Done transforming mesh
Rasterizing Levenberg-Marquardt...
numberOfEntries: 24131
Oooooops: tetrahedron 374944 has managed to turn bad (detJ: -0.265966)
Time taken to rasterize Levenberg-Marquardt: 0.024591
...done!
=======================
Bad trial move (maximal deformation: 1.86288, lambda: 4)
        Cost going from 59591.8 to 1.79769e+308
Transforming mesh
Done transforming mesh
        Increasing lambda from 4 to 8 and trying again.
Transforming mesh
Done transforming mesh
Calculating Levenberg-Marquardt step with lambda 8...
Time taken to solve the Levenberg-Marquardt system of equations: 0.203135
...done!
maximalDeformation: 1.05945
Transforming mesh
Done transforming mesh
Rasterizing Levenberg-Marquardt...
numberOfEntries: 24131
Oooooops: tetrahedron 1548879 has managed to turn bad (detJ: -0.0973576)
Time taken to rasterize Levenberg-Marquardt: 0.451927
...done!
=======================
Bad trial move (maximal deformation: 1.05945, lambda: 8)
        Cost going from 59591.8 to 1.79769e+308
Transforming mesh
Done transforming mesh
        Increasing lambda from 8 to 16 and trying again.
Transforming mesh
Done transforming mesh
Calculating Levenberg-Marquardt step with lambda 16...
Time taken to solve the Levenberg-Marquardt system of equations: 0.195068
...done!
maximalDeformation: 0.569867
Transforming mesh
Done transforming mesh
Rasterizing Levenberg-Marquardt...
numberOfEntries: 24131
Time taken to rasterize Levenberg-Marquardt: 1.80649
...done!
=======================
Good trial move (maximal deformation: 0.569867, lambda: 16)
        Cost going from 59591.8 to 59398.7
        Decreasing lambda from 16 to 14.5455
Transforming mesh
Done transforming mesh
Calculating Levenberg-Marquardt step with lambda 14.5455...
Set m_ContributionsFromLastTetrahdronFlushedOut to true: 1
Time taken to solve the Levenberg-Marquardt system of equations: 0.183739
...done!
maximalDeformation: 0.481059
Transforming mesh
Done transforming mesh
Rasterizing Levenberg-Marquardt...
numberOfEntries: 24131
Time taken to rasterize Levenberg-Marquardt: 1.62781
...done!
=======================
Good trial move (maximal deformation: 0.481059, lambda: 14.5455)
        Cost going from 59398.7 to 59307.9
        Decreasing lambda from 14.5455 to 13.2231
Transforming mesh
Done transforming mesh
Calculating Levenberg-Marquardt step with lambda 13.2231...
Set m_ContributionsFromLastTetrahdronFlushedOut to true: 1
Time taken to solve the Levenberg-Marquardt system of equations: 0.192666
...done!
maximalDeformation: 0.380217
Transforming mesh
Done transforming mesh
Rasterizing Levenberg-Marquardt...
numberOfEntries: 24131
Time taken to rasterize Levenberg-Marquardt: 1.5646
...done!
=======================
Good trial move (maximal deformation: 0.380217, lambda: 13.2231)
        Cost going from 59307.9 to 59225.1
        Decreasing lambda from 13.2231 to 12.021
Transforming mesh
Done transforming mesh
Calculating Levenberg-Marquardt step with lambda 12.021...
Set m_ContributionsFromLastTetrahdronFlushedOut to true: 1
Time taken to solve the Levenberg-Marquardt system of equations: 0.191839
...done!
maximalDeformation: 0.2618
Transforming mesh
Done transforming mesh
Rasterizing Levenberg-Marquardt...
numberOfEntries: 24131
Time taken to rasterize Levenberg-Marquardt: 1.56566
...done!
=======================
Good trial move (maximal deformation: 0.2618, lambda: 12.021)
        Cost going from 59225.1 to 59149.5
        Decreasing lambda from 12.021 to 10.9282
Transforming mesh
Done transforming mesh
Calculating Levenberg-Marquardt step with lambda 10.9282...
Set m_ContributionsFromLastTetrahdronFlushedOut to true: 1
Time taken to solve the Levenberg-Marquardt system of equations: 0.199291
...done!
maximalDeformation: 0.385372
Transforming mesh
Done transforming mesh
Rasterizing Levenberg-Marquardt...
numberOfEntries: 24131
Time taken to rasterize Levenberg-Marquardt: 1.57111
...done!
=======================
Good trial move (maximal deformation: 0.385372, lambda: 10.9282)
        Cost going from 59149.5 to 59078.6
        Decreasing lambda from 10.9282 to 9.93474
Transforming mesh
Done transforming mesh
Calculating Levenberg-Marquardt step with lambda 9.93474...
Set m_ContributionsFromLastTetrahdronFlushedOut to true: 1
Time taken to solve the Levenberg-Marquardt system of equations: 0.205412
...done!
maximalDeformation: 0.277021
Transforming mesh
Done transforming mesh
Rasterizing Levenberg-Marquardt...
numberOfEntries: 24131
Time taken to rasterize Levenberg-Marquardt: 1.60584
...done!
=======================
Good trial move (maximal deformation: 0.277021, lambda: 9.93474)
        Cost going from 59078.6 to 59010.7
        Decreasing lambda from 9.93474 to 9.03158
Transforming mesh
Done transforming mesh
Calculating Levenberg-Marquardt step with lambda 9.03158...
Set m_ContributionsFromLastTetrahdronFlushedOut to true: 1
Time taken to solve the Levenberg-Marquardt system of equations: 0.217054
...done!
maximalDeformation: 0.331201
Transforming mesh
Done transforming mesh
Rasterizing Levenberg-Marquardt...
numberOfEntries: 24131
Time taken to rasterize Levenberg-Marquardt: 1.59291
...done!
=======================
Good trial move (maximal deformation: 0.331201, lambda: 9.03158)
        Cost going from 59010.7 to 58946.2
        Decreasing lambda from 9.03158 to 8.21053
Transforming mesh
Done transforming mesh
Calculating Levenberg-Marquardt step with lambda 8.21053...
Set m_ContributionsFromLastTetrahdronFlushedOut to true: 1
Time taken to solve the Levenberg-Marquardt system of equations: 0.222191
...done!
maximalDeformation: 2.50959
Transforming mesh
Done transforming mesh
Rasterizing Levenberg-Marquardt...
numberOfEntries: 24131
Oooooops: tetrahedron 1753383 has managed to turn bad (detJ: -0.630158)
Time taken to rasterize Levenberg-Marquardt: 0.549487
...done!
=======================
Bad trial move (maximal deformation: 2.50959, lambda: 8.21053)
        Cost going from 58946.2 to 1.79769e+308
Transforming mesh
Done transforming mesh
        Increasing lambda from 8.21053 to 16.4211 and trying again.
Transforming mesh
Done transforming mesh
Calculating Levenberg-Marquardt step with lambda 16.4211...
Time taken to solve the Levenberg-Marquardt system of equations: 0.20962
...done!
maximalDeformation: 1.34254
Transforming mesh
Done transforming mesh
Rasterizing Levenberg-Marquardt...
numberOfEntries: 24131
Time taken to rasterize Levenberg-Marquardt: 1.60523
...done!
=======================
Good trial move (maximal deformation: 1.34254, lambda: 16.4211)
        Cost going from 58946.2 to 58915
        Decreasing lambda from 16.4211 to 14.9282
Transforming mesh
Done transforming mesh
Calculating Levenberg-Marquardt step with lambda 14.9282...
Set m_ContributionsFromLastTetrahdronFlushedOut to true: 1
Time taken to solve the Levenberg-Marquardt system of equations: 0.228976
...done!
maximalDeformation: 0.27504
Transforming mesh
Done transforming mesh
Rasterizing Levenberg-Marquardt...
numberOfEntries: 24131
Time taken to rasterize Levenberg-Marquardt: 1.63317
...done!
=======================
Good trial move (maximal deformation: 0.27504, lambda: 14.9282)
        Cost going from 58915 to 58881.6
        Decreasing lambda from 14.9282 to 13.5711
Transforming mesh
Done transforming mesh
Calculating Levenberg-Marquardt step with lambda 13.5711...
Set m_ContributionsFromLastTetrahdronFlushedOut to true: 1
Time taken to solve the Levenberg-Marquardt system of equations: 0.222523
...done!
maximalDeformation: 0.225055
Transforming mesh
Done transforming mesh
Rasterizing Levenberg-Marquardt...
numberOfEntries: 24131
Time taken to rasterize Levenberg-Marquardt: 1.61114
...done!
=======================
Good trial move (maximal deformation: 0.225055, lambda: 13.5711)
        Cost going from 58881.6 to 58848.1
        Decreasing lambda from 13.5711 to 12.3374
Transforming mesh
Done transforming mesh
Calculating Levenberg-Marquardt step with lambda 12.3374...
Set m_ContributionsFromLastTetrahdronFlushedOut to true: 1
Time taken to solve the Levenberg-Marquardt system of equations: 0.240808
...done!
maximalDeformation: 0.285936
Transforming mesh
Done transforming mesh
Rasterizing Levenberg-Marquardt...
numberOfEntries: 24131
Time taken to rasterize Levenberg-Marquardt: 1.63907
...done!
=======================
Good trial move (maximal deformation: 0.285936, lambda: 12.3374)
        Cost going from 58848.1 to 58814.2
        Decreasing lambda from 12.3374 to 11.2158
Starting EM: 
EM Iteration: 0  ->  58636.5
Updating mixture model parameters
Readjusting weight of shared classes
Updating bias field model parameters
estimating polynomial parameters up to order 0
       numberOfBasisFunctionsUsed: 1
m_Means: [  255 1 ]
EM Iteration: 1  ->  58636.5
EM converged
Maximal bias field order already reached; EM finished
Stopped EM
         m_IterationNumber: 1
         m_MaximumNumberOfIterations: 100
============================================
Cost for iteration 1 was 58817.5
============================================
m_PositionUpdatingMaximumNumberOfIterations: 11
Transforming mesh
Done transforming mesh
m_MeshToImageTransform: 
AffineTransform (0x2333ad0)
  RTTI typeinfo:   itk::AffineTransform<float, 3u>
  Reference Count: 1
  Modified Time: 389
  Debug: Off
  Observers: 
    none
  Matrix: 
    -0.398971 -0.00449516 0.00461907 
    0.00023247 0.368215 0.157222 
    0.064218 -0.158981 0.375753 
  Offset: [41.0685, 4.06882, 17.9766]
  Center: [0, 0, 0]
  Translation: [41.0685, 4.06882, 17.9766]
  Inverse: 
    -2.50053 -0.0146145 0.0368532 
    -0.153215 2.29935 -0.960211 
    0.362527 0.975355 2.24876 
  Singular: 0
meshToImageTransform: 
AffineTransform (0xc8b4e40)
  RTTI typeinfo:   itk::AffineTransform<float, 3u>
  Reference Count: 1
  Modified Time: 4061786
  Debug: Off
  Observers: 
    none
  Matrix: 
    -0.398971 -0.00449516 0.00461907 
    0.00023247 0.368215 0.157222 
    0.064218 -0.158981 0.375753 
  Offset: [41.0685, 4.06882, 17.9766]
  Center: [0, 0, 0]
  Translation: [41.0685, 4.06882, 17.9766]
  Inverse: 
    -2.50053 -0.0146145 0.0368532 
    -0.153215 2.29935 -0.960211 
    0.362527 0.975355 2.24876 
  Singular: 0
Rasterizing Levenberg-Marquardt...
numberOfEntries: 24131
Time taken to rasterize Levenberg-Marquardt: 1.49906
...done!
Transforming mesh
Done transforming mesh
Calculating Levenberg-Marquardt step with lambda 1...
Set m_ContributionsFromLastTetrahdronFlushedOut to true: 1
Time taken to solve the Levenberg-Marquardt system of equations: 0.185389
...done!
maximalDeformation: 4.62079
Transforming mesh
Done transforming mesh
Rasterizing Levenberg-Marquardt...
numberOfEntries: 24131
Oooooops: tetrahedron 284292 has managed to turn bad (detJ: -0.161292)
Time taken to rasterize Levenberg-Marquardt: 0.0131249
...done!
=======================
Bad trial move (maximal deformation: 4.62079, lambda: 1)
        Cost going from 58814.2 to 1.79769e+308
Transforming mesh
Done transforming mesh
        Increasing lambda from 1 to 2 and trying again.
Transforming mesh
Done transforming mesh
Calculating Levenberg-Marquardt step with lambda 2...
Time taken to solve the Levenberg-Marquardt system of equations: 0.180471
...done!
maximalDeformation: 3.03683
Transforming mesh
Done transforming mesh
Rasterizing Levenberg-Marquardt...
numberOfEntries: 24131
Oooooops: tetrahedron 1016806 has managed to turn bad (detJ: -0.403452)
Time taken to rasterize Levenberg-Marquardt: 0.159012
...done!
=======================
Bad trial move (maximal deformation: 3.03683, lambda: 2)
        Cost going from 58814.2 to 1.79769e+308
Transforming mesh
Done transforming mesh
        Increasing lambda from 2 to 4 and trying again.
Transforming mesh
Done transforming mesh
Calculating Levenberg-Marquardt step with lambda 4...
Time taken to solve the Levenberg-Marquardt system of equations: 0.182686
...done!
maximalDeformation: 1.81509
Transforming mesh
Done transforming mesh
Rasterizing Levenberg-Marquardt...
numberOfEntries: 24131
Oooooops: tetrahedron 1892168 has managed to turn bad (detJ: -0.0542245)
Time taken to rasterize Levenberg-Marquardt: 0.593132
...done!
=======================
Bad trial move (maximal deformation: 1.81509, lambda: 4)
        Cost going from 58814.2 to 1.79769e+308
Transforming mesh
Done transforming mesh
        Increasing lambda from 4 to 8 and trying again.
Transforming mesh
Done transforming mesh
Calculating Levenberg-Marquardt step with lambda 8...
Time taken to solve the Levenberg-Marquardt system of equations: 0.17535
...done!
maximalDeformation: 1.00696
Transforming mesh
Done transforming mesh
Rasterizing Levenberg-Marquardt...
numberOfEntries: 24131
Time taken to rasterize Levenberg-Marquardt: 1.50439
...done!
=======================
Good trial move (maximal deformation: 1.00696, lambda: 8)
        Cost going from 58814.2 to 58769.2
        Decreasing lambda from 8 to 7.27273
Transforming mesh
Done transforming mesh
Calculating Levenberg-Marquardt step with lambda 7.27273...
Set m_ContributionsFromLastTetrahdronFlushedOut to true: 1
Time taken to solve the Levenberg-Marquardt system of equations: 0.189354
...done!
maximalDeformation: 0.640149
Transforming mesh
Done transforming mesh
Rasterizing Levenberg-Marquardt...
numberOfEntries: 24131
Time taken to rasterize Levenberg-Marquardt: 1.52779
...done!
=======================
Good trial move (maximal deformation: 0.640149, lambda: 7.27273)
        Cost going from 58769.2 to 58724.8
        Decreasing lambda from 7.27273 to 6.61157
Transforming mesh
Done transforming mesh
Calculating Levenberg-Marquardt step with lambda 6.61157...
